v = 100.5:-10:0.5
